! 32 0 64 32
" 64 0 96 32
# 96 0 128 32
$ 128 0 160 32
% 160 0 192 32
& 192 0 224 32
' 224 0 256 32
( 256 0 288 32
) 288 0 320 32
* 320 0 352 32
+ 352 0 384 32
, 384 0 416 32
- 416 0 448 32
. 448 0 480 32
/ 480 0 512 32
0 0 32 32 64
1 32 32 64 64
2 64 32 96 64
3 96 32 128 64
4 128 32 160 64
5 160 32 192 64
6 192 32 224 64
7 224 32 256 64
8 256 32 288 64
9 288 32 320 64
: 320 32 352 64
; 352 32 384 64
< 384 32 416 64
= 416 32 448 64
> 448 32 480 64
? 480 32 512 64
@ 0 64 32 96
A 32 64 64 96
B 64 64 96 96
C 96 64 128 96
D 128 64 160 96
E 160 64 192 96
F 192 64 224 96
G 224 64 256 96
H 256 64 288 96
I 288 64 320 96
J 320 64 352 96
K 352 64 384 96
L 384 64 416 96
M 416 64 448 96
N 448 64 480 96
O 480 64 512 96
P 0 96 32 128
Q 32 96 64 128
R 64 96 96 128
S 96 96 128 128
T 128 96 160 128
U 160 96 192 128
V 192 96 224 128
W 224 96 256 128
X 256 96 288 128
Y 288 96 320 128
Z 320 96 352 128
[ 352 96 384 128
\ 384 96 416 128
] 416 96 448 128
^ 448 96 480 128
_ 480 96 512 128
` 0 128 32 160
a 32 128 64 160
b 64 128 96 160
c 96 128 128 160
d 128 128 160 160
e 160 128 192 160
f 192 128 224 160
g 224 128 256 160
h 256 128 288 160
i 288 128 320 160
j 320 128 352 160
k 352 128 384 160
l 384 128 416 160
m 416 128 448 160
n 448 128 480 160
o 480 128 512 160
p 0 160 32 192
q 32 160 64 192
r 64 160 96 192
s 96 160 128 192
t 128 160 160 192
u 160 160 192 192
v 192 160 224 192
w 224 160 256 192
x 256 160 288 192
y 288 160 320 192
z 320 160 352 192
{ 352 160 384 192
| 384 160 416 192
} 416 160 448 192
~ 448 160 480 192